 212876. 3079402.   -3363.   12457.   11312.    1145.     0.64        
 212904. 3079304.   -3384.   12425.   11479.     946.     0.53        
 213149. 3079854.   -3701.    8837.    9697.    -860.     0.48        
 213128. 3080707.   -3756.    5815.    8021.   -2206.     1.23        
 212667. 3081850.   -3360.    5078.    6401.   -1323.     0.74        
 211991. 3082700.   -2705.     675.    4850.   -4176.     2.33        
 212073. 3083784.   -2893.    2285.    4186.   -1901.     1.06        
 213233. 3082550.   -4038.    3358.    4677.   -1319.     0.74        
 211970. 3080906.   -2518.    8141.    9414.   -1274.     0.71        
 209872. 3080774.    -228.   14448.   12967.    1481.     0.83        
 207985. 3080599.    1836.   17351.   15296.    2055.     1.15        
 205924. 3080774.    4056.   12018.   14470.   -2452.     1.37        
 210597. 3082182.   -1144.    5857.    7994.   -2137.     1.19        
 209682. 3082772.    -206.    6030.    7806.   -1776.     0.99        
 208610. 3082812.     954.    6815.    8405.   -1590.     0.89        
 212234. 3077972.   -2535.   17471.   17223.     248.     0.14        
 210479. 3076592.    -504.   31465.   29717.    1748.     0.98        
 210037. 3076325.      -0.   35639.   32846.    2793.     1.56        
 208633. 3075408.    1608.   40165.   39390.     775.     0.43        
 208598. 3077222.    1480.   33682.   32578.    1104.     0.62        
 208943. 3078550.     984.   25349.   24423.     927.     0.52        
 207785. 3079014.    2197.   24380.   22722.    1658.     0.93        
 206410. 3079465.    3649.   18118.   19843.   -1726.     0.96        
 207952. 3080093.    1918.   17897.   17408.     489.     0.27        
 209214. 3079205.     629.   21129.   20491.     638.     0.36        
 209920. 3077298.      37.   27714.   28082.    -368.     0.21        
 210044. 3078069.    -168.   24757.   23989.     767.     0.43        
 211950. 3079013.   -2323.   15750.   14682.    1068.     0.60        
 211335. 3080038.   -1749.   12966.   12940.      26.     0.01        
 207581. 3075071.    2780.   41165.   38503.    2662.     1.49        
 206231. 3074650.    4283.   34054.   34381.    -328.     0.18        
 206552. 3076192.    3794.   35077.   33832.    1245.     0.69        
 207229. 3077708.    2920.   30461.   29438.    1023.     0.57        
 207864. 3076478.    2344.   38556.   36091.    2465.     1.38        
 205999. 3073149.    4672.   31757.   32636.    -880.     0.49        
 203754. 3071415.    7268.   27513.   30094.   -2581.     1.44        
 202524. 3071009.    8640.   31684.   31240.     444.     0.25        
 200870. 3071308.   10408.   35886.   33592.    2294.     1.28        
 200317. 3071597.   10981.   36794.   33857.    2937.     1.64        
 199524. 3072016.   11803.   36163.   33372.    2791.     1.56        
 201000. 3072044.   10199.   35635.   34788.     847.     0.47        
 202374. 3071972.    8715.   37024.   34575.    2449.     1.37        
 200570. 3072533.   10621.   35238.   35211.      28.     0.02        
 203183. 3072914.    7750.   35168.   34416.     752.     0.42        
 204662. 3073833.    6061.   36216.   35803.     413.     0.23        
 203338. 3073759.    7505.   34485.   33977.     508.     0.28        
 201343. 3070134.   10002.   29581.   30543.    -961.     0.54        
 200345. 3070498.   11052.   30065.   30703.    -638.     0.36        
 200213. 3070878.   11160.   28271.   30398.   -2126.     1.19        
 198671. 3070218.   12894.   28507.   29264.    -756.     0.42        
 197525. 3070255.   14134.   26515.   27483.    -967.     0.54        
 196207. 3070648.   15528.   25804.   24596.    1208.     0.67        
 194967. 3071392.   16806.   20652.   20472.     180.     0.10        
 194942. 3069840.   16975.   19404.   19374.      31.     0.02        
 193737. 3070531.   18219.   16265.   15563.     702.     0.39        
 192541. 3070938.   19481.   12567.   11538.    1029.     0.57        
 192164. 3072206.   19773.   10810.   10779.      30.     0.02        
 192625. 3073923.   19116.    8620.   11830.   -3210.     1.79        
 191048. 3070836.   21110.    3866.    6725.   -2859.     1.60        
 189721. 3070848.   22549.     721.    2681.   -1961.     1.09        
 190281. 3069513.   22064.     995.    1971.    -976.     0.54        
 189711. 3068631.   22763.   -8776.   -3931.   -4844.     2.70        
 190914. 3068441.   21475.    -770.    2644.   -3414.     1.91        
 192601. 3070040.   19497.   11329.   11057.     271.     0.15        
 196403. 3069669.   15406.   26471.   24623.    1848.     1.03        
 198054. 3069589.   13621.   29052.   28990.      62.     0.03        
 199480. 3069396.   12090.   30324.   30375.     -51.     0.03        
 200708. 3068912.   10803.   30080.   29603.     477.     0.27        
 202467. 3068207.    8959.   27015.   25506.    1509.     0.84        
 205896. 3068894.    5175.   23554.   23521.      33.     0.02        
 214450. 3078624.   -4999.    9186.    9093.      94.     0.05        
 214474. 3077294.   -4904.    9978.   11079.   -1101.     0.61        
 213432. 3075906.   -3646.   18199.   17358.     841.     0.47        
 212582. 3074584.   -2602.   25371.   23698.    1674.     0.93        
 211835. 3073234.   -1669.   27902.   26663.    1239.     0.69        
 211434. 3071760.   -1098.   23387.   24118.    -731.     0.41        
 210956. 3070702.    -482.   17894.   22503.   -4609.     2.57        
 209566. 3070713.    1025.   28877.   28368.     509.     0.28        
 208839. 3070258.    1856.   30079.   28683.    1397.     0.78        
 208310. 3068615.    2580.   23009.   21715.    1293.     0.72        
 208333. 3069660.    2459.   29722.   26831.    2890.     1.61        
 208398. 3070379.    2323.   32612.   30024.    2589.     1.45        
 209210. 3070650.    1417.   31936.   29439.    2497.     1.39        
 211398. 3071506.   -1036.   22332.   23416.   -1084.     0.61        
 213114. 3074576.   -3179.   20153.   20138.      15.     0.01        
 214026. 3076714.   -4365.   13702.   13437.     265.     0.15        
 214941. 3081376.   -5785.     441.    3670.   -3230.     1.80        
 215438. 3078578.   -6068.    5235.    7024.   -1789.     1.00        
 214992. 3080222.   -5734.    4485.    5323.    -838.     0.47        
 215873. 3079729.   -6645.    -362.    4097.   -4459.     2.49        
 209580. 3074217.     689.   39628.   37769.    1859.     1.04        
 210677. 3074800.    -556.   37892.   35581.    2310.     1.29        
 209267. 3072388.    1196.   32802.   32419.     383.     0.21        
 208459. 3072668.    2047.   34417.   34197.     220.     0.12        
 208560. 3073530.    1859.   37701.   36517.    1184.     0.66        
 207555. 3074109.    2896.   39625.   37221.    2404.     1.34        
 207183. 3072687.    3430.   33979.   33557.     422.     0.24        
 206682. 3070833.    4143.   28721.   28887.    -166.     0.09        
 206656. 3069838.    4262.   26561.   26039.     521.     0.29        
 204586. 3068304.    6650.   19126.   22824.   -3698.     2.06        
 204746. 3069350.    6381.   25760.   25833.     -73.     0.04        
 205200. 3070926.    5743.   27140.   28970.   -1830.     1.02        
 205454. 3077954.    4825.   27824.   27288.     536.     0.30        
 205294. 3078328.    4963.   24209.   24854.    -645.     0.36        
 204959. 3077206.    5430.   32715.   29461.    3254.     1.82        
 203579. 3077169.    6931.   24528.   25348.    -820.     0.46        
 203193. 3076840.    7380.   23414.   25584.   -2170.     1.21        
 203374. 3075980.    7262.   29097.   28899.     198.     0.11        
 202412. 3075190.    8379.   27869.   29407.   -1538.     0.86        
 201948. 3075220.    8880.   26939.   28698.   -1759.     0.98        
 201582. 3074495.    9344.   30680.   30679.       1.     0.00        
 200468. 3074456.   10555.   27951.   30112.   -2162.     1.21        
 199189. 3074004.   11985.   28642.   30687.   -2046.     1.14        
 198155. 3073680.   13137.   29202.   30828.   -1626.     0.91        
 196322. 3073438.   15148.   28195.   28206.     -11.     0.01        
 194956. 3073720.   16605.   22186.   21930.     256.     0.14        
 194259. 3073852.   17349.   21279.   18663.    2616.     1.46        
 194773. 3073022.   16867.   23884.   21889.    1995.     1.11        
 196353. 3072899.   15163.   32134.   29709.    2425.     1.35        
 198068. 3073406.   13256.   30043.   31353.   -1310.     0.73        
 200045. 3073266.   11124.   34625.   34204.     421.     0.24        
 202034. 3073469.    8946.   34105.   33855.     250.     0.14        
 204334. 3075535.    6261.   35264.   33065.    2199.     1.23        
 205893. 3067645.    5292.   18590.   19492.    -902.     0.50        
 206854. 3066956.    4312.   15953.   16417.    -464.     0.26        
 206260. 3065694.    5072.   10477.   13155.   -2678.     1.50        
 205836. 3064348.    5656.    4981.    9416.   -4434.     2.48        
 204530. 3063674.    7134.    9702.    9489.     212.     0.12        
 205418. 3062846.    6247.    4926.    6311.   -1385.     0.77        
 204601. 3061595.    7248.    1289.    4348.   -3059.     1.71        
 206090. 3061040.    5682.   -2182.    1383.   -3566.     1.99        
 203456. 3063776.    8291.   10568.   10667.     -99.     0.06        
 202346. 3064196.    9457.   11000.   12582.   -1581.     0.88        
 204875. 3074570.    5762.   36208.   36151.      57.     0.03        
 193182. 3074381.   18470.   17567.   13721.    3846.     2.15        
 192114. 3075419.   19533.    9371.    9635.    -264.     0.15        
 190000. 3074000.   21958.    7432.    5888.    1545.     0.86        
 189240. 3073431.   22835.    1946.    4312.   -2366.     1.32        
 190049. 3073036.   21992.    1856.    5350.   -3494.     1.95        
 190286. 3071559.   21871.    2378.    4938.   -2560.     1.43        
 190066. 3074551.   21836.    4909.    6025.   -1116.     0.62        
 202440. 3074438.    8417.   31816.   31629.     187.     0.10        
 203740. 3074594.    6992.   33843.   33330.     513.     0.29        
 198554. 3072315.   12829.   33867.   32088.    1779.     0.99        
 197603. 3072189.   13872.   33491.   31427.    2064.     1.15        
 196787. 3071812.   14792.   34664.   30538.    4126.     2.30        
 199659. 3072564.   11606.   36346.   34503.    1843.     1.03        
 201698. 3072626.    9389.   35664.   35260.     404.     0.23        
 204096. 3073071.    6745.   35018.   34107.     911.     0.51        
 204425. 3067233.    6923.   22812.   19820.    2993.     1.67        
 203203. 3067162.    8255.   21881.   21066.     815.     0.46        
 202284. 3067518.    9220.   24749.   23636.    1113.     0.62        
 205825. 3066424.    5478.   16546.   15783.     763.     0.43        
 205223. 3065848.    6184.   14189.   14657.    -467.     0.26        
 204046. 3065582.    7485.   16213.   15157.    1056.     0.59        
 203180. 3065815.    8403.   18882.   16817.    2065.     1.15        
 205416. 3064944.    6056.   10349.   11813.   -1464.     0.82        
 204445. 3064854.    7118.   12358.   12644.    -286.     0.16        
 203604. 3065094.    8010.   16120.   14151.    1970.     1.10        
 205388. 3060760.    6471.   -1398.    1776.   -3174.     1.77        
 201492. 3064726.   10335.   17321.   14847.    2473.     1.38        
 207164. 3067638.    3913.   18006.   18329.    -324.     0.18        
 200918. 3069094.   10558.   30768.   29845.     923.     0.52        
 200510. 3068482.   11057.   29601.   28899.     702.     0.39        
 206687. 3073972.    3851.   34850.   35007.    -157.     0.09        
 205873. 3072746.    4846.   31330.   31848.    -518.     0.29        
 204483. 3071502.    6469.   26926.   29684.   -2758.     1.54        
 203731. 3071408.    7293.   27344.   30107.   -2763.     1.54        
 203105. 3071246.    7988.   30377.   30646.    -268.     0.15        
 202514. 3071009.    8651.   31667.   31256.     410.     0.23        
 201696. 3071075.    9532.   35064.   32561.    2503.     1.40        
 200799. 3071433.   10473.   35169.   33712.    1457.     0.81        
 200396. 3071976.   10861.   35341.   34513.     828.     0.46        
 201747. 3071904.    9401.   37632.   34978.    2654.     1.48        
 201460. 3072276.    9679.   37584.   35369.    2215.     1.24        
 203634. 3073150.    7240.   35211.   34443.     768.     0.43        
 204156. 3073722.    6620.   33099.   34663.   -1564.     0.87        
 202978. 3073373.    7931.   35776.   34375.    1400.     0.78        
 201635. 3073315.    9394.   34996.   34325.     671.     0.37        
