212876.1 3079402.0  560.30  9094 30  2917
212903.9 3079303.6  571.02  9041 30  3012
213149.2 3079854.5  533.59  5136 30  2824
213128.0 3080707.0  524.20  2059 30  2885
212667.0 3081849.6  403.01  1718 30  2370
211991.3 3082699.5  310.61 -2030 30  1895
212073.2 3083784.0   15.05  -608 30  1311
213233.0 3082550.1  237.63  -680 30  1694
211970.5 3080906.3  548.61  5623 30  2620
209871.7 3080773.5  499.69 14220 30  2862
207984.8 3080598.8  433.44 19187 30  2776
205924.5 3080774.3  301.04 16074 30  4493
210597.2 3082182.2  279.79  4713 30  1732
209682.5 3082771.4   94.82  5824 30  1653
208610.3 3082812.5   59.26  7769 30  1567
212233.6 3077971.4  698.06 14936 30  4624
210479.0 3076591.8 1030.20 30961 30  6545
210037.0 3076324.8 1040.17 35639 30  5800
208632.8 3075408.1 1047.57 41773 30  4774
208597.9 3077221.7  973.58 35162 30  4333
208942.9 3078549.7  830.79 26333 30  3673
207785.2 3079014.0  738.29 26577 30  3747
206409.6 3079465.0  643.34 21767 30  6982
207951.8 3080092.8  555.73 19815 30  3191
209214.5 3079205.0  744.51 21758 30  3755
209920.5 3077298.1 1108.64 27751 30  6677
210044.2 3078069.2 1024.39 24589 30  5811
211950.5 3079013.3  781.94 13427 30  4277
211334.9 3080037.7  669.87 11217 30  3282
207581.0 3075070.7 1094.40 43945 30  5328
206231.2 3074650.0 1229.64 38337 30 11654
206552.1 3076191.7 1108.74 38871 30  7733
207229.4 3077708.1  929.58 33381 30  5463
207864.5 3076477.7 1047.33 40900 30  5053
205999.4 3073149.3 1307.33 36429 30 10884
203753.6 3071414.8 1283.89 34781 30 10744
202524.1 3071009.3 1187.31 40324 30  9566
200869.7 3071308.2 1063.60 46294 30  8610
200317.3 3071596.9 1012.95 47775 30  8919
199524.3 3072016.6  943.21 47966 30  9346
200999.9 3072043.9  819.74 45834 30  7590
202373.5 3071972.4  697.08 45739 30  6319
200570.1 3072533.0  589.50 45859 30  6441
203183.2 3072914.5  427.49 42918 30  5846
204662.0 3073832.9  309.46 42277 30  7228
203338.0 3073759.2  239.61 41990 30  4124
201343.0 3070134.4 1275.28 39583 30  8683
200344.6 3070497.6 1392.52 41117 30 11767
200213.2 3070878.5 1497.08 39431 30 16013
198671.2 3070217.8 1348.54 41401 30 12753
197525.4 3070254.7 1300.45 40649 30 11965
196207.3 3070648.6 1231.69 41332 30 10398
194967.2 3071391.6 1184.06 37458 30 11074
194942.5 3069840.2  921.22 36379 30  6699
193737.3 3070531.0  820.01 34484 30  5059
192540.6 3070937.6  677.55 32048 30  3385
192164.0 3072206.5  688.56 30583 30  3661
192624.7 3073923.0  659.45 27736 30  8657
191047.8 3070836.6  535.28 24976 30  2862
189720.6 3070848.3  273.43 23270 30  2174
190280.6 3069512.8  174.82 23059 30  1642
189711.0 3068631.1  111.14 13987 30  1286
190913.7 3068441.2   10.93 20705 30  2168
192601.0 3070040.2  605.61 30826 30  3449
196402.8 3069669.0  960.47 41877 30  7834
198053.8 3069589.1  990.01 42673 30  9251
199480.5 3069396.0 1009.86 42414 30  8107
200707.6 3068912.1  912.09 40883 30  5900
202466.7 3068206.7  885.14 35974 30  4513
205895.6 3068893.9  916.82 28729 30  4660
214449.8 3078623.9  240.65  4187 30  2112
214473.8 3077294.5  136.04  5074 30  2945
213432.3 3075906.3    5.28 14553 30  3111
212581.6 3074584.0   44.48 22769 30  3100
211835.2 3073233.7   56.89 26233 30  3553
211433.5 3071759.8   65.74 22289 30  3354
210955.7 3070701.7   81.72 17412 30  2933
209565.6 3070713.0   20.99 29902 30  6184
208838.8 3070258.5   11.86 31935 30  5861
208309.6 3068615.0   19.63 25589 30  4828
208332.9 3069660.5   16.48 32181 30  6228
208398.2 3070379.1   89.08 34935 30  6965
209210.3 3070649.7    8.83 33353 30  7297
211398.1 3071506.2   68.25 21296 30  3317
213113.9 3074575.6   10.13 16974 30  2144
214026.4 3076713.5    2.80  9337 30  2942
214941.2 3081375.5   13.85 -5344 30  1261
215438.4 3078578.6   26.01  -833 30  1418
214991.9 3080221.7   75.86 -1249 30  1640
215872.8 3079729.1   23.09 -7007 30  1016
209580.1 3074216.9  893.44 40317 30  5246
210677.4 3074800.3  636.86 37336 30  5154
209266.8 3072388.2  856.74 33998 30  5804
208459.2 3072668.4 1002.55 36464 30  6022
208559.7 3073529.9 1058.37 39560 30  5832
207554.9 3074108.8 1139.23 42521 30  5843
207183.4 3072686.9 1178.46 37409 30  6945
206682.4 3070832.8 1069.54 32864 30  7750
206656.5 3069837.6  956.53 30823 30  7145
204585.7 3068303.9  967.00 25776 30  4695
204745.7 3069350.1 1008.27 32141 30  4493
205200.3 3070925.6 1207.37 32883 30  6895
205453.5 3077953.5   51.65 32649 30  6824
205294.3 3078327.9   14.19 29172 30  4991
204959.0 3077206.3   53.80 38145 30  6168
203579.1 3077169.1   18.27 31459 30  2338
203192.9 3076840.5   35.46 30794 30  2146
203374.2 3075979.6   58.85 36359 30  2630
202411.6 3075190.2   84.10 36248 30  2356
201947.7 3075219.6   66.88 35819 30  2219
201581.5 3074495.0  123.34 40024 30  2611
200468.2 3074455.5   62.95 38506 30  3205
199188.7 3074003.5  124.02 40627 30  3662
198155.1 3073679.6  136.34 42339 30  5116
196322.1 3073437.9   81.18 43343 30  4969
194956.0 3073719.5   69.79 38791 30  3911
194258.8 3073851.4   48.78 38628 30  3799
194772.9 3073022.0  276.92 40751 30  5702
196353.4 3072899.0  256.74 47297 30  6639
198068.3 3073405.4  256.50 43299 30  5751
200044.9 3073265.9  245.35 45749 30  5026
202034.2 3073468.8  280.01 43051 30  3659
204334.2 3075534.9   88.31 41525 30  5452
205892.7 3067645.1  812.44 23882 30  4267
206853.9 3066956.5  644.28 20265 30  5082
206260.1 3065694.4  510.51 15549 30  3326
205835.8 3064348.5  414.91 10637 30  2476
204530.1 3063673.6  320.42 16836 30  1503
205417.6 3062846.4  210.92 11173 30  1092
204601.0 3061594.7  108.56  8537 30   857
206090.4 3061040.5   22.86  3500 30   629
203455.5 3063775.9  253.83 18859 30  1591
202346.2 3064196.5  172.19 20457 30  2027
204875.3 3074570.0  247.18 41970 30  7052
193181.5 3074380.9   19.24 36037 30  4758
192114.3 3075419.0   14.02 28904 30  1593
190000.0 3074000.0   10.00 29390 30  2843
189239.8 3073431.3   12.80 24781 30  1650
190049.1 3073036.5  296.97 23848 30  2303
190286.1 3071559.3  439.10 24249 30  2648
190065.8 3074550.7   40.71 26745 30  1731
202440.5 3074438.1  146.21 40233 30  2819
203739.7 3074594.6  146.18 40835 30  3987
198553.8 3072315.3  886.93 46696 30 10171
197602.9 3072188.9  827.21 47363 30  9153
196787.3 3071812.4  783.16 49456 30  7308
199659.4 3072563.4  602.78 47952 30  7654
201697.8 3072625.9  509.15 45053 30  5246
204096.3 3073070.9  550.41 41763 30  6397
204425.0 3067232.8  778.07 29735 30  3358
203203.2 3067162.4  791.91 30136 30  4003
202283.6 3067517.4  747.21 33969 30  3930
205824.6 3066423.9  649.59 22024 30  3340
205222.8 3065848.2  622.48 20373 30  3154
204046.0 3065581.5  501.08 23698 30  2402
203180.4 3065815.2  503.14 27285 30  2807
205416.2 3064943.4  484.91 16405 30  2273
204445.4 3064853.8  419.88 19476 30  1853
203603.8 3065094.1  414.32 24130 30  2085
205387.5 3060760.3    5.94  5073 30   543
201491.8 3064725.8   39.84 27656 30  2577
207163.9 3067637.6  664.63 21919 30  5889
200918.0 3069094.4  961.23 41326 30  5996
200510.3 3068482.3  761.05 40658 30  5240
206686.7 3073972.1 1236.30 38701 30  8152
205873.0 3072745.8 1334.14 36176 30 10596
204482.6 3071502.6 1336.16 33395 30 10056
203731.2 3071408.4 1282.33 34637 30 10651
203105.0 3071245.4 1232.40 38365 30  9912
202513.5 3071008.7 1186.42 40318 30  9600
201696.2 3071075.0 1124.65 44596 30  9180
200799.4 3071433.3 1047.94 45642 30  8359
200396.2 3071975.9  867.79 46202 30  7728
201747.2 3071904.5  758.70 47033 30  6571
201459.7 3072275.7  648.90 47263 30  6207
203633.5 3073149.8  392.17 42451 30  5825
204156.2 3073721.7  353.92 39719 30  5270
202977.7 3073373.2  263.44 43707 30  4579
201634.6 3073315.1  283.73 44390 30  4110
0 0 0 0 0 0